522463
13727382
13726521
13726528
13726514
13724967
13724911
13724890
13724883
13724806
13724792
13724778
13714853
13711906
13711871
13711864
13710072
13710044
13710037
13710030
13709981
13709974
13709848
13709841
13709813
13707174
13707111
13707041
13705333
13705312
13705305
13705277
13705270
13705221
13703737
13703674
13701490
13701301
13701294
13701259
13701238
13701140
13699845
13699719
13699670
13699656
13699649
13699642
13699635
13699628
13698942
13697178
13697031
13697024
13696947
13696702
13695014
13694916
13690541
13690219
13690212
13690184
13690002
13688434
13688427
13688420
13688385
13688378
13688371
13688336
13688329
13688322
13688301
13688294
13688287
13688280
13688273
13688266
13688231
13687825
13687818
13685795
13683170
13683128
13683107
13683100
13681469
13681462
13679516
13676198
13674476
13674336
13674308
13674294
13674266
13674224
13674210
13674203
13674182
13674154
13671494
13670344
13670332
13670320
13670242
13670134
13670068
13667372
13667365
13667344
13667295
13667288
13667176
13665349
13665335
13662864
13662801
13662570
13662556
13662549
13659525
13659504
13659497
13659329
13657670
13657656
13657621
13657614
13657530
13655843
13655612
13655528
13655479
13655465
13655388
13655374
13653883
13653372
13653365
13653323
13653267
13653218
13653085
13650467
13648787
13648605
13646967
13646953
13646946
13646820
13646813
13644993
13644909
13643145
13643138
13643124
13643117
13641521
13641514
13641493
13641479
13641409
13641346
13641318
13641199
13639365
13637167
13637160
13637076
13637027
13635312
13635193
13633380
13633366
13633310
13633296
13633289
13633247
13633205
13631035
13631014
13631007
13630895
13630720
13628543
13628536
13628389
13628298
13628284
13627451
13627367
13625463
13625456
13625442
13625421
13625288
13625281
13623132
13623125
13620605
13620570
13620535
13620528
13618036
13618022
13617994
13617840
13615572
13615502
13615488
13615460
13615446
13615334
13614074
13613990
13612583
13612569
13612562
13612555
13612429
13612422
13612401
13610840
13610826
13610819
13609090
13609069
13609048
13609034
13607011
13606913
13605205
13605198
13605191
13605177
13605121
13605114
13604932
13604925
13604918
13604911
13603665
13594222
13592920
13592794
13592759
13590813
13590778
13590771
13590750
13590729
13590687
13588832
13588762
13588741
13588727
13588699
13588692
13588685
13586767
13586753
13586718
13586711
13586669
13586564
13586480
13586473
13586466
13585388
13583932
13583813
13583806
13583764
13581601
13581594
13581454
13579711
13579704
13579697
13579641
13577401
13577352
13574237
13574181
13574167
13574146
13574139
13574048
13574027
13574020
13573915
13573824
13573817
13573796
13570961
13568812
13568798
13568735
13568672
13568581
13567076
13567069
13566957
13566950
13566887
13564563
13564549
13564332
13564325
13564234
13562001
13561994
13561987
13561966
13561875
13561805
13561770
13561399
13560055
13559908
13559901
13556492
13554133
13552159
13552089
13551949
13551942
13549373
13549366
13549331
13548050
13546062
13544620
13544606
13544550
13544466
13542576
13542506
13540189
13540035
13540028
13539874
13538369
13538355
13536374
13536213
13535247
13534911
13534848
13534400
13534372
13532566
13530592
13530585
13530578
13530529
13530445
13530438
13530424
13530396
13530368
13530340
13530326
13530319
13528506
13525916
13525902
13525860
13525734
13525727
13524026
13524019
13524005
13523998
13523956
13523886
13523879
13523851
13523844
13523760
13523669
13521408
13521380
13521373
13521359
13521254
13521170
13521163
13521065
13521051
13521044
13520008
13519882
13519868
13518419
13518412
13518370
13518328
13518230
13518020
13518013
13515976
13515962
13515920
13515913
13515850
13515843
13515836
13515829
13515822
13515675
13513582
13513575
13513561
13513498
13513491
13513484
13513372
13513316
13513288
13512273
13512259
13512252
13512063
13512035
13508388
13508381
13508374
13508325
13508297
13505315
13505287
13505273
13502620
13502557
13502543
13502431
13500079
13500072
13500065
13500037
13500023
13499918
13498448
13498427
13498287
13498266
13498259
13498245
13498189
13498105
13495375
13495368
13495347
13495291
13495221
13495200
13495095
13495088
13495060
13486079
13484714
13483951
13483881
13483825
13483818
13480290
13480269
13480255
13476643
13470637
13470595
13470567
13470560
13470476
13469594
13469545
13469538
13469531
13468852
13468845
13468838
13468810
13468789
13467025
13467011
13467004
13466948
13466934
13466927
13466836
13466822
13464834
13464729
13464708
13462804
13462797
13462720
13459864
13459836
13459773
13457995
13457988
13457148
13456280
13456245
13456133
13454068
13454047
13453977
13451940
13451898
13451884
13451821
13451807
13451800
13451793
13448986
13448944
13448811
13448804
13448776
13446536
13446445
13446368
13444282
13444212
13444072
13444058
13444051
13441888
13441713
13441622
13441559
13439270
13439249
13439207
13439088
13439081
13438997
13438955
13438920
13438906
13438885
13436029
13436015
13435980
13435945
13435938
13433950
13433936
13433929
13433803
13431325
13431248
13431241
13431234
13431185
13431178
13429155
13429099
13429015
13428742
13426411
13426404
13426292
13426222
13426194
13426187
13426173
13423618
13421301
13421294
13421140
13420321
13420307
13420279
13414742
13414735
13411606
13411564
13411466
13411452
13411263
13408785
13408680
13408624
13408617
13405467
13405404
13405236
13403325
13403185
13403087
13400805
13400462
13400448
13400343
13400322
13400112
13397403
13396647
13393602
13393574
13393525
13393490
13393483
13393476
13389563
13389535
13387267
13387155
13386889
13386875
13384516
13384425
13381541
13381506
13381499
13381415
13381394
13381387
13379364
13379287
13379196
13379189
13379182
13377019
13377012
13376886
13376816
13374653
13374646
13374639
13374632
13374604
13374499
13374331
13372294
13372287
13372126
13372119
13372098
13371979
13371972
13371951
13371944
13369193
13367296
13367170
13367093
13367058
13367051
13365098
13365042
13363096
13363082
13363075
13360604
13360527
13360520
13360513
13360464
13360254
13360240
13360226
13360219
13360212
13360205
13359946
13359939
13359925
13359918
13359904
13357041
13356887
13356880
13355697
13355690
13354675
13354654
13354591
13354570
13351959
13351952
13349775
13349768
13349670
13349642
13349628
13349572
13349467
13349453
13346751
13346744
13346737
13346730
13346590
13346583
13346576
13346562
13346464
13346394
13343363
13341284
13341249
13341242
13341116
13341039
13338617
13338610
13338316
13338309
13337616
13337574
13337518
13337511
13337483
13331743
13331673
13331666
13331582
13329524
13329503
13329440
13329356
13329349
13326612
13326605
13326598
13326479
13326458
13326416
13326409
13326374
13326367
13325625
13322475
13322461
13322440
13322363
13322349
13322342
13320207
13320186
13318163
13318135
13318121
13318086
13318002
13317995
13317540
13317435
13317421
13317414
13312734
13312728
13312704
13312644
13312632
13312542
13312488
13309695
13309681
13309569
13307399
13307287
13307210
13307182
13307175
13307112
13304480
13304459
13302184
13301785
13301659
13301631
13298579
13298551
13298509
13298488
13296619
13296521
13295457
13295429
13290459
13285027
13285020
13285006
13284985
13284943
13284936
13284929
13284866
13284817
13284796
13284789
13284537
13284523
13280771
13280743
13280729
13280645
13277936
13277894
13275164
13275157
13272952
13272938
13272924
13272854
13272770
13269599
13265861
13265651
13265644
13262984
13262942
13260380
13260345
13260338
13260261
13260219
13257650
13257594
13257510
13257489
13257405
13257398
13257384
13257356
13257328
13253261
13253156
13253149
13253142
13252967
13252862
13252855
13252792
13252778
13252694
13252624
13249789
13249782
13249775
13249740
13249733
13249691
13249684
13249614
13246814
13246758
13246660
13246625
13242103
13242040
13239506
13239492
13239485
13237833
13237805
13237735
13237679
13233927
13233675
13233640
13233591
13231351
13231218
13231204
13231169
13228481
13228411
13228397
13228362
13219997
13219927
13219920
13219906
13219773
13211751
13211674
13211604
13211576
13205871
13204996
13204989
13200600
13200593
13198983
13198976
13193033
13192809
13187944
13179957
13177927
13176296
13175540
13175190
13173853
13173412
13172656
13166363
13163374
13160658
13160504
13160469
13157718
13153896
13147659
13138440
13129403
13129347
13125966
13118819
13113863
13113002
13110216
13107703
13107675
13102586
13099646
13099604
13098904
13083014
13082951
13079724
13076812
13072962
13071359
13070288
13070274
13070176
13070169
13066018
13058717
13054307
13050072
13049708
13049239
13043289
13043177
13043156
13038781
13037640
13025901
13024487
13021365
13018180
13011474
13007568
12992049
12992035
12984930
12982480
12981423
12979638
12978385
12965925
12959170
12956118
12951533
12951344
12949944
12949902
12946038
12945961
12925528
12924912
12924394
12924233
12920145
12919039
12915910
12915742
12911843
12905053
12902890
12902491
12902407
12900741
12900069
12900006
12899999
12899978
12895029
12890892
12887413
12886846
12886804
12873959
12870466
12869213
12869164
12867043
12863347
12863067
12855416
12855395
12854191
12852168
12851811
12850222
12844706
12844335
12843229
12843208
12841486
12841395
12834899
12834822
12834304
12833527
12833513
12833387
12833380
12833373
12833366
12831805
12831749
12831567
12824560
12823202
12823167
12821389
12820199
12818372
12814459
12814375
12813206
12810308
12807648
12804085
12796560
12791863
12781356
12781006
12776953
12771528
12770772
12770702
12770009
12761210
12761182
12760496
12757164
12755036
12754966
12754931
12754770
12752726
12750983
12750759
12749135
12745131
12743059
12735870
12732230
12727224
12726317
12724508
12723290
12719937
12717683
12717123
12717095
12717081
12717053
12716836
12716465
12716346
12713168
12713154
12713098
12710536
12707621
12707609
12706457
12705359
12705317
12704447
12699035
12694639
12694198
12693078
12692973
12682550
12682186
12681976
12677825
12677195
12677153
12675627
12672498
12670650
12670524
12668004
12667766
12667682
12667087
12660570
12660528
12659478
12659380
12649622
12573434
12573217
12570186
12568877
12567585
12567559
12567534
12565630
12563026
12562937
12561878
12561777
12561539
12560963
12560662
12558082
12558054
12558045
12557041
12556474
12554792
12552963
12552713
12551139
12549081
12545084
12540709
12540471
12533541
12532498
12526058
12524329
12486711
12484379
12483623
12481259
12480005
12473219
12468756
12465168
12464754
12456432
12452670
12445818
12442800
12435744
12429594
12426018
12425850
12420498
12406860
12403644
12395922
12395742
12395556
12394560
12391608
12390738
12385872
12385554
12381354
12380250
12380208
12376578
12376554
12373002
12370164
12369258
12367902
12361884
12360522
12360246
12360198
12359586
12357180
12354984
12354294
12353670
12352230
12348042
12344724
12344466
12341982
12340770
12340284
12340260
12340194
12339396
12336674
12328016
12305684
12305420
12305414
12305390
12305300
12305042
12301400
12290858
12283988
12282284
12282104
12281282
12278726
12278678
12271514
12268586
12265658
12265598
12265586
12262652
12262646
12262634
12262628
12261776
12258950
12241664
12241652
12235550
12234794
12232322
12224702
12223706
12223406
12220766
12209000
12207188
12204733
12202857
12200575
12200302
12196214
12195003
12194982
12194828
12194821
12193610
12184552
12181339
12181304
12178945
12176614
12171658
12168319
12167710
12167689
12167675
12161158
12149202
12149111
12149069
12143077
12143070
12133704
12124513
12122287
12121020
12120670
12115560
12112249
12112088
12108225
12108197
12108141
12107546
12098236
12097977
12094204
12093686
12093665
12085957
12085803
12085768
12085054
12078019
12077949
12063515
12063508
12063249
12059420
12054114
12054079
12053890
12035788
12028480
12028235
12026464
12020220
12020213
12020178
12020157
12020080
12020066
12015859
12002804
11999136
11995209
11994110
11984037
11976770
11970981
11970113
11969539
11968433
11968377
11968370
11968363
11968160
11954251
11951059
11945907
11944213
11940559
11935400
11935330
11934952
11930045
11926629
11920574
11916164
11916129
11916094
11902955
11901429
11901107
11900876
11890887
11718778
11718610
11716552
11709447
11704645
11696259
11695888
11673677
11673390
11673341
11650864
11647392
11647364
11633574
11595683
11574319
11561376
11535091
11489427
11483028
11436204
11416765
11402261
11366008
11358798
11239475
11228627
11220395
11218553
11170739
11111175
11007967
11005321
10973242
10943188
10934590
10919092
10894329
10892931
10854087
10804575
10753688
10580870
10484656
10391640
10364232
10290750
10285524
10017240
9863380
9471858
9376198
9248581
9165161
9017491
8944162
8915919
8690956
8649852
8634681
8232231
8138345
7881804
7812699
7717810
7662910
7608035
7547350
7376673
7321619
7303019
6506959
6320854
6262133
6112267
6073297
6048407
5448217
4335562
4145148
2495724
2399775
1311472
1258943
1256243
1254047
1250987
1241051
1061327
682759
650703
13728061
13727984
13723203
13723196
13723035
13723007
13722979
13721390
13721383
13721376
13721068
13720886
13720844
13717912
13717898
13717891
13717821
13717744
13716288
13714188
13714181
13714174
13714146
13714118
13714111
13714097
13714090
13711010
13710226
13710177
13710114
13703898
13701539
13700055
13699950
13699936
13699929
13699915
13696414
13681497
13679488
13674420
13639498
13581937
13580439
13546573
13512833
13400700
13296220
13290340
13249369
13188014
13182750
13179992
13177395
13173636
13172565
13169892
13166244
13166216
13166209
13163381
13161736
13157725
13153917
13153903
13153882
13153875
13153007
13147337
13139952
13113534
13112981
13110489
13103797
13102579
13100073
13079668
13079507
13070400
13070330
13070295
13066011
13065444
13061104
13061083
13061062
13058710
13058696
13057744
13057688
13051850
13050016
13049232
13049225
13028323
13024529
13007617
12989081
12989074
12986701
12986561
12986036
12982081
12981444
12981318
12979701
12972211
12966023
12959058
12956125
12953836
12953605
12953472
12951554
12951540
12946115
12912732
12909673
12903751
12903709
12903457
12902449
12902428
12900734
12900048
12900027
12899992
12895162
12892320
12890955
12890787
12889632
12887854
12879006
12878992
12875786
12874106
12872531
12870039
12869157
12867379
12856088
12844685
12841381
12834864
12834703
12833429
12826002
12824406
12821305
12821025
12818337
12814501
12813234
12810497
12810455
12807606
12807424
12804512
12803217
12801488
12796959
12795286
12785332
12775091
12770135
12760307
12757031
12749149
12747616
12744984
12743031
12742905
12727266
12724536
12714680
12713119
12710186
12707699
12705419
12705377
12704441
12700613
12699425
12692784
12686400
12686148
12685980
12682627
12682620
12682340
12682298
12677832
12677811
12677783
12677692
12677468
12677286
12667696
12666478
12664742
12664259
12659373
12653577
12652709
12651771
12651645
12651372
12612011
12570116
12565644
12563110
12560922
12560884
12560699
12560663
12558026
12557984
12556976
12554726
12554223
12549830
12548745
12548703
12544811
12539708
12529096
12528865
12517091
12492920
12492696
12490932
12490799
12481313
12480281
12479969
12479237
12478859
12467304
12466614
12465036
12453864
12443712
12443370
12442578
12441186
12439644
12429906
12418080
12418050
12403764
12398460
12398160
12395550
12394644
12394602
12373080
12369348
12348066
12340206
12336266
12305048
12301622
12289676
12284000
12282080
12262664
12235346
12229094
12191160
12187149
12181430
12173450
12145044
12145030
12133515
12112109
12077991
12019814
12008670
12007774
12003119
12002881
11992619
11992584
11980060
11971079
11969504
11968286
11968188
11968153
11948049
11945739
11935379
11934924
11934882
11920322
11907295
11901016
11893323
11634127
11596327
11515272
11501978
11501425
13728068
13724897
13711913
13696807
13688490
13676450
13676163
13672670
13672005
13662808
13588818
13577359
13547959
13546146
13530508
13528625
13523949
13521352
13513505
13512189
13508647
13502606
13484049
13484035
13470588
13446508
13444289
13441832
13433859
13431311
13367247
13341186
13338568
13334410
13329496
13272861
13253135
13249747
13243825
13237798
13228446
13182722
13177304
13160357
13099506
13099492
13076805
12981374
12949958
12900720
12900692
12863431
12839337
12833422
12827549
12810021
12807466
12770975
12710487
12667976
12554125
12551790
12263984
12200967
12189928
12178917
8498828
13711976
13711969
13711962
13711955
13705256
13628417
13521247
13391621
13376928
13301680
13252841
13231239
13152958
12887819
12481433
6418964
13615565
13341270
13253212
13696919
13689827
13683121
13665223
13662626
13637062
13633254
13617889
13615411
13615404
13577191
13534876
13515780
13453942
13439011
13431192
13400217
13400203
13374380
13372049
13362970
13349565
13346478
13317344
13249621
13246681
13246674
13175183
13173755
13089237
13034973
12860330
12860316
12838861
12834787
12827402
12810378
12790127
12775105
12773656
12726233
12723297
12655803
12547996
12466806
12372948
12176551
11993277
11695678
11647385
3241386
1253543
13696989
13655430
13653155
13650355
13480052
13192907
12200470
12016202
11908947
10750742
13717835
13710121
13707181
13705949
13705228
13701147
13699838
13696996
13695077
13689820
13681441
13679453
13679446
13667183
13662640
13653162
13641227
13630811
13620451
13617882
13617875
13610742
13606864
13606857
13604981
13588734
13586550
13583729
13571010
13551837
13546076
13539909
13534925
13534897
13528520
13521149
13521142
13518160
13515738
13508598
13505280
13501598
13468726
13466885
13462678
13459829
13457953
13453970
13451758
13448755
13433754
13426264
13426257
13421133
13414595
13411361
13400196
13389598
13384327
13384306
13379238
13376893
13374373
13372035
13367114
13367100
13360093
13360079
13360044
13354535
13349523
13338379
13337476
13331610
13331603
13318009
13312566
13298586
13284642
13272658
13272602
13260254
13237707
13237700
13157634
13125840
13125819
13113555
13098932
13089258
13082979
13056666
13028288
12990656
12956083
12915805
12911815
12903632
12901623
12889597
12886776
12854912
12831889
12773670
12750444
12719881
12714309
12693043
12668284
12566313
12539015
12528746
12523454
12383436
12372396
12340728
12214970
12189746
12176558
12168585
12161480
12127278
12016111
12016069
11990477
11983484
11908772
11633861
11633812
11598539
11589852
11372567
11104257
10945480
10393200
7302559
5176151
13646960
13614067
13612576
13568805
13530599
13470630
13466997
13228495
13160490
13102635
12989116
12862591
12862563
12862542
12862521
12862479
12362058
12180345
12179036
11643836
13724855
13717919
13716092
13710065
13710051
13703681
13701189
13662738
13662731
13659427
13659406
13655472
13653848
13653841
13653225
13646869
13643047
13630881
13628410
13617945
13609041
13592780
13588783
13586641
13577261
13574041
13564423
13561896
13548001
13540042
13538264
13532951
13525846
13523872
13523858
13521261
13513414
13505322
13502564
13499974
13498273
13495256
13483965
13470756
13466955
13462734
13456259
13451814
13446466
13446452
13444191
13439123
13426537
13426320
13426313
13421175
13421168
13420265
13405341
13405327
13405299
13403206
13400728
13396605
13396472
13393511
13381464
13381457
13372112
13372105
13369221
13367184
13360289
13354584
13349663
13343370
13343349
13338491
13338463
13337504
13334368
13329195
13322447
13317449
13312638
13304452
13304438
13301708
13301701
13301673
13301666
13298691
13295464
13284838
13284824
13280673
13275108
13275087
13260317
13257496
13228404
13205857
13200544
13200523
13176366
13175547
13166230
13158852
13152972
13152944
13139840
13132189
13113905
13098995
13083021
13074250
13071198
13052326
13052312
13052305
13049603
13038865
13028337
13017949
13007680
13007652
12953612
12915917
12886811
12877340
12873196
12860435
12854163
12854156
12852154
12844692
12841507
12811841
12810588
12801530
12790358
12752712
12737529
12737522
12735800
12735723
12735709
12732055
12731971
12701951
12693624
12682487
12677461
12565448
12560719
12542578
12542571
12532610
12530426
12528872
12528851
12479153
12474101
12472988
12453570
12445812
12398364
12339402
12290864
12219416
12219410
12178728
12063438
12053848
11968258
11968223
11926713
11916052
11628408
11599036
11443183
10338191
10077887
10032858
8916499
8658040
8430940
7608990
7586190
5164636
4997537
13674231
13670218
13659420
13657544
13657537
13650418
13650411
13630916
13628424
13615453
13586676
13586648
13542674
13521275
13458002
13448818
13444205
13439102
13428861
13408813
13397340
13396598
13393532
13393504
13391614
13384418
13374513
13367163
13360268
13338484
13338477
13334361
13326472
13307196
13298705
13280680
13231274
13228390
13205864
13173349
13166251
13143361
13093451
13014617
12900020
12855360
12775336
12773831
12719916
12694597
12682431
12535669
12530503
12354924
12112263
12086006
2297708
13701196
13643054
13641297
13641290
13603679
13581531
13518223
13495172
13480171
13408806
13393518
13387176
13352029
13337497
13304445
13272777
13231260
13177227
13177220
12989067
12875681
12682529
12545126
12072958
11985318
11628786
11620204
11144379
5739552
13153630
12085096
11968349
10323042
13670206
13592808
13590764
13561889
13470546
13451835
13426306
13284859
13275094
13262998
13260324
13079563
13007596
12951470
12750780
12548290
12494474
12417840
12305066
11889844
13699558
13690828
13655381
13650334
13650327
13641206
13639442
13628291
13612408
13610714
13577128
13568504
13544473
13542436
13539860
13528499
13525755
13525748
13525741
13521058
13521037
13511867
13511860
13470469
13459794
13459780
13457911
13457904
13457890
13433719
13423891
13423506
13403059
13400119
13389542
13384208
13371958
13367044
13362928
13326360
13317309
13317288
13304368
13304361
13301596
13284551
13284530
13265637
13262907
13262900
13260226
13243783
13239499
13192830
13192816
13179922
13179915
13175127
13147554
13147330
13129305
13100003
13052095
13014442
12990250
12981766
12951071
12879839
12838350
12806290
12796588
12731782
12701669
12694254
12660276
12659555
12542900
12518113
12476921
12464196
12394530
12153276
12135706
12120649
12084760
12015999
11920560
10358328
9235011
8022029
5169613
4969418
2511887
13721152
13717842
13714139
13711899
13710149
13710142
13710100
13710093
13699817
13697052
13695056
13692620
13692606
13692599
13692592
13692585
13692571
13687860
13679460
13679439
13674217
13667169
13665230
13657474
13650369
13645399
13641241
13641234
13635165
13633261
13628354
13625274
13623090
13620479
13615418
13613997
13606850
13604967
13603630
13583722
13581482
13580586
13579606
13573908
13573887
13568567
13561819
13561812
13559929
13559922
13554175
13544508
13539916
13539902
13538138
13530361
13528527
13525783
13523725
13521156
13518090
13518076
13515724
13513302
13511972
13511951
13508311
13508304
13499939
13498175
13498168
13498161
13498154
13498147
13495326
13495319
13495228
13495207
13470497
13468719
13466871
13466864
13464617
13462671
13453998
13453956
13451744
13451737
13448748
13446718
13444128
13441636
13439018
13439004
13437058
13435889
13435882
13435868
13433747
13429085
13426495
13420244
13414581
13411347
13408694
13408673
13408666
13403122
13400210
13400189
13397312
13396528
13393413
13389591
13386938
13386924
13384320
13384285
13384278
13384271
13372042
13372028
13372021
13372014
13369186
13365014
13362963
13362956
13360086
13360072
13360058
13360051
13353457
13352008
13349551
13349530
13346471
13338386
13338351
13334326
13334270
13331645
13329188
13320179
13317337
13312578
13312560
13312554
13312536
13304389
13298565
13298558
13298544
13290396
13281807
13280652
13278482
13275038
13272623
13265679
13262949
13257412
13252708
13252680
13249635
13239583
13237693
13219815
13205766
13205759
13200537
13192928
13187923
13187083
13175155
13163444
13163437
13163423
13157592
13156311
13149682
13132175
13129319
13125889
13118833
13102523
13089230
13085205
13085198
13071149
13058633
13052256
13049519
13041098
13028295
13007575
13007561
12979673
12979561
12979547
12976397
12976327
12972232
12965897
12954144
12924219
12915812
12909652
12905466
12876829
12875611
12866581
12860295
12827038
12826170
12823153
12811561
12811540
12795125
12785101
12777590
12772368
12756898
12750486
12750451
12738292
12726984
12710277
12707639
12693015
12686099
12670272
12667591
12661431
12655866
12655782
12649944
12573028
12561712
12558040
12535599
12535543
12528767
12523874
12523860
12445962
12445758
12406848
12398220
12394596
12394584
12376488
12372942
12372516
12361758
12360510
12329768
12301490
12291188
12283658
12281396
12268496
12268472
12260294
12216164
12214976
12200491
12136994
12120796
12094176
12094134
12077865
12067078
12063179
12053813
12053792
12050663
12035389
12026072
12008649
11992591
11985234
11972080
11968125
11968083
11929996
11920294
11902948
11900960
11892455
11722481
11672662
11628331
11610628
11609830
11561292
11546942
10928854
9895735
9498223
9013766
8167555
7839894
7598485
6497389
5657015
5221315
1268183
13701931
13701924
13659413
13646827
13644874
13620500
13617931
13592787
13588755
13480157
13470553
13428847
13421161
13405306
13400308
13400301
13341123
13284803
13239618
13237728
13157690
13152923
12705401
12437154
12395580
12376566
12360492
12231272
11968202
11907176
10982044
13726584
13726563
13726556
13726549
13726542
13726535
13726486
13726479
13726472
13724974
13724918
13724869
13724785
13716421
13711990
13711983
13711885
13711878
13710009
13709883
13709869
13707167
13707160
13707125
13707118
13707097
13707076
13705284
13703919
13703779
13703751
13703744
13703688
13703618
13703611
13701553
13701546
13701392
13701385
13701280
13701273
13701266
13701210
13700076
13699782
13699684
13699677
13699593
13699586
13697038
13696968
13696961
13696933
13696723
13696681
13692788
13691080
13690632
13690268
13690261
13690247
13690240
13690233
13690226
13688973
13688399
13688343
13688252
13688238
13688217
13688042
13687839
13683156
13683149
13681490
13679537
13679530
13679502
13679495
13676205
13676177
13674315
13674273
13674196
13671984
13671956
13671942
13671886
13671508
13671501
13671424
13670362
13670284
13670278
13670266
13670254
13670092
13670074
13667393
13667358
13667316
13665363
13665356
13665342
13665307
13665209
13665202
13665195
13662906
13662899
13662892
13662885
13662822
13662780
13662773
13662752
13662745
13662605
13662598
13659539
13659462
13657677
13655619
13655563
13655549
13655423
13655409
13653876
13653862
13653855
13653799
13653421
13653414
13653407
13653302
13653295
13653288
13653120
13653113
13653099
13653092
13650453
13650390
13648724
13648717
13646932
13646883
13646778
13646764
13646729
13643271
13643166
13643159
13643089
13643082
13643033
13643005
13641563
13641556
13641549
13641542
13641535
13641528
13641430
13641381
13641255
13639512
13639253
13639169
13639162
13639148
13637181
13637174
13637118
13637090
13635326
13635319
13635123
13633394
13633387
13633352
13633212
13631049
13630986
13630923
13630825
13630797
13630790
13630783
13630776
13630769
13630762
13630741
13628571
13628557
13628550
13628480
13628445
13628438
13628431
13628319
13628312
13628305
13627479
13627465
13627444
13625470
13625386
13625379
13625351
13625344
13625330
13623202
13623167
13623146
13620626
13620612
13620577
13620444
13618064
13618057
13618050
13618008
13618001
13617973
13617959
13617903
13617854
13615607
13615600
13615586
13615579
13615516
13615474
13615467
13615432
13615348
13614060
13612548
13612513
13612506
13612492
13610917
13610889
13610861
13609111
13609104
13607018
13606934
13606843
13604953
13604946
13603728
13603693
13594243
13594236
13594208
13592927
13592843
13592836
13590834
13590827
13588846
13588839
13588797
13586739
13586732
13586487
13583960
13583953
13583855
13583785
13581678
13581671
13581629
13581566
13581552
13579725
13579718
13579585
13577443
13577436
13577422
13577380
13577303
13577296
13577282
13577275
13577268
13577219
13577163
13577156
13577142
13574258
13574195
13574076
13574055
13573845
13573838
13571115
13571101
13568819
13568777
13568770
13568721
13568532
13568525
13568518
13567174
13567167
13567125
13567104
13567090
13564584
13564577
13564535
13564437
13564255
13562008
13561777
13560048
13559964
13559915
13552201
13552187
13552180
13552117
13552110
13552096
13552012
13552005
13551998
13551970
13551956
13549345
13548022
13547966
13547952
13547945
13546230
13546202
13546160
13546153
13544641
13544634
13544529
13544487
13542534
13542450
13540343
13540336
13540329
13540315
13540308
13540119
13540112
13540105
13540091
13540077
13539881
13538334
13538278
13538271
13538103
13535786
13534806
13534603
13532160
13531887
13531621
13530466
13529969
13528667
13528597
13528590
13526021
13526014
13526000
13525993
13525923
13525797
13525762
13524068
13524054
13524047
13523963
13523928
13523907
13523900
13523893
13523781
13523767
13523690
13521317
13521289
13521219
13521205
13521191
13520022
13519973
13518286
13518279
13518174
13518034
13518027
13516606
13515899
13515871
13513596
13513589
13513533
13513526
13513463
13513456
13513449
13513435
13513421
13513274
13513267
13513260
13512294
13512287
13512280
13512224
13512210
13512119
13512105
13512091
13512084
13511888
13508633
13508626
13508360
13508332
13508276
13505329
13502641
13502634
13502592
13502585
13502487
13500093
13498455
13498315
13498112
13495361
13495186
13495109
13486114
13483986
13483853
13481550
13481536
13480325
13480213
13480031
13476349
13476328
13473696
13473346
13470651
13470644
13470609
13470602
13469412
13468817
13466983
13466976
13466962
13466906
13466850
13466843
13464848
13464806
13464764
13464750
13464582
13462825
13462755
13462657
13459941
13459913
13459899
13458065
13458030
13458016
13457960
13457925
13454250
13453900
13451954
13451849
13451709
13448846
13448734
13446550
13446529
13446382
13446375
13444317
13444303
13444261
13444254
13444156
13441916
13441853
13441804
13441776
13441748
13441580
13441573
13441566
13439291
13439221
13439179
13439165
13438850
13438808
13436036
13435987
13435966
13435847
13435840
13433992
13433985
13433971
13433894
13433831
13433761
13431339
13431318
13431255
13431143
13431129
13429232
13429197
13429176
13429113
13429029
13428980
13428910
13428896
13428889
13428868
13428770
13428763
13428756
13426544
13426523
13426474
13426355
13426348
13426334
13426327
13426271
13426243
13426229
13421315
13421273
13421266
13421217
13421210
13421203
13421196
13420328
13420300
13420237
13414686
13414679
13414672
13414560
13411627
13411613
13411578
13411571
13411508
13411501
13411494
13411312
13411305
13411298
13411291
13411284
13408974
13408932
13408883
13408862
13408855
13408841
13408834
13408827
13408715
13408659
13408645
13408638
13405481
13405432
13405425
13405376
13405369
13405362
13405348
13405271
13405250
13403346
13403332
13403220
13403213
13403094
13400616
13400595
13400581
13400469
13400420
13400406
13400385
13400371
13400357
13400238
13400140
13400126
13397389
13397354
13396486
13393588
13393560
13391726
13391719
13391691
13391642
13391628
13389703
13389696
13389626
13389619
13389577
13387323
13387316
13387232
13387183
13384530
13384481
13382038
13381520
13379210
13379203
13377033
13376991
13376942
13376907
13376844
13374667
13374660
13374618
13374555
13374534
13374527
13374436
13374429
13374422
13374345
13372329
13372322
13372259
13372245
13372238
13372189
13372175
13372168
13372154
13372147
13372056
13371993
13369158
13367254
13367198
13367191
13367128
13367065
13363026
13360548
13360541
13360485
13360366
13360345
13360324
13359967
13357076
13357062
13357020
13357013
13356985
13354689
13354682
13354619
13354598
13354528
13352057
13351980
13351966
13349719
13349698
13349509
13349502
13349495
13349481
13349474
13346786
13346646
13346632
13346625
13346618
13346436
13346422
13346415
13346408
13343419
13343412
13341298
13341291
13341214
13341193
13341137
13338659
13338638
13338589
13338519
13338512
13337532
13337525
13337469
13337462
13334424
13334417
13334375
13334333
13334312
13331715
13331708
13331680
13329482
13329307
13329300
13326633
13326577
13326570
13326528
13326500
13325723
13325646
13325639
13322524
13322517
13322391
13322377
13320235
13320214
13318184
13318177
13317568
13317561
13317554
13317547
13317491
13317484
13317477
13317470
13317365
13312752
13312650
13312506
13309639
13309590
13307301
13307266
13307217
13304536
13304515
13304466
13304424
13301792
13301764
13301722
13301610
13298530
13292972
13290466
13290417
13290375
13285062
13285055
13285041
13284978
13284971
13284964
13284880
13284607
13284600
13284593
13284586
13284579
13284572
13280841
13280799
13280792
13280778
13280701
13280694
13277950
13277943
13275227
13275136
13275115
13275017
13272966
13272959
13272896
13272882
13272819
13272805
13272791
13272686
13272679
13269956
13265847
13265777
13265700
13265658
13263110
13263103
13263082
13263075
13263026
13263019
13263012
13260394
13257685
13257671
13257664
13257657
13257629
13257622
13257608
13257559
13257538
13257524
13253303
13253282
13253163
13253079
13253065
13253058
13253051
13253044
13253037
13253023
13252925
13252911
13252897
13249796
13249761
13249754
13249712
13249705
13249586
13249579
13249572
13249376
13246842
13246835
13246821
13246632
13242117
13242054
13242005
13239758
13239660
13239653
13239597
13239527
13239478
13239464
13237784
13237770
13237756
13237742
13237721
13234032
13233759
13233598
13231302
13231176
13228915
13228516
13228509
13228502
13228418
13228222
13219941
13219934
13219843
13219780
13211772
13211765
13211611
13211569
13205794
13205017
13204947
13204919
13204765
13200628
13200551
13200467
13198955
13192956
13192851
13190121
13180251
13178032
13177325
13177248
13175820
13173468
13173419
13172740
13166265
13166181
13160539
13160294
13154911
13154890
13154008
13153959
13153056
13153042
13139980
13139917
13135535
13132252
13132196
13129354
13127107
13127030
13127002
13126330
13125784
13122921
13122858
13122837
13122732
13122711
13114059
13113926
13110454
13109425
13109411
13107521
13103776
13102663
13102593
13099422
13093486
13079619
13079388
13072927
13070652
13070631
13070365
13067341
13066116
13058605
13057863
13056610
13055126
13052494
13049484
13043310
13043282
13041070
13039019
13038984
13037647
13034966
13028372
13028358
13021547
13021057
13010648
12992364
12992140
12992077
12989130
12982802
12982025
12981360
12976376
12976236
12965946
12956062
12953640
12953430
12951484
12951442
12951260
12951225
12949979
12945968
12924303
12924296
12922014
12916218
12909666
12909659
12902498
12900461
12895267
12895260
12895064
12887994
12886825
12881883
12876584
12872545
12871943
12860449
12857362
12849298
12848696
12848444
12844937
12841661
12841409
12840954
12834752
12834724
12834255
12834227
12833499
12833394
12824637
12824301
12823307
12820220
12820206
12813339
12813325
12813227
12810735
12810315
12802944
12801593
12801572
12801558
12796868
12796826
12790428
12790400
12785577
12785059
12784786
12784226
12781244
12781090
12780656
12780642
12780635
12776988
12776967
12771605
12771045
12770779
12766551
12761259
12754637
12751039
12750927
12750787
12749191
12746153
12744347
12741988
12735947
12735632
12731796
12731026
12726257
12723339
12723304
12723136
12721050
12720966
12716906
12716864
12716843
12716780
12707993
12706871
12705497
12705305
12704453
12700925
12699473
12695514
12694695
12694170
12694135
12692651
12692399
12686057
12685868
12682536
12682137
12667836
12664175
12664147
12661550
12661543
12660654
12660374
12660367
12657210
12651925
12612613
12612501
12612466
12572986
12570200
12570151
12567613
12565655
12564163
12563143
12562105
12557545
12556869
12556442
12553118
12551979
12551433
12551132
12549592
12548920
12547933
12542641
12542599
12535368
12533156
12529110
12526597
12526219
12524161
12523153
12517280
12517035
12514844
12493228
12492794
12484445
12477359
12474221
12468138
12459312
12455706
12455166
12452100
12448236
12440982
12437754
12437496
12430014
12428172
12414612
12414492
12403656
12391686
12391644
12391638
12391626
12391572
12387870
12383388
12380304
12380298
12377418
12372972
12372966
12372438
12370152
12370134
12369234
12360288
12360258
12360180
12357072
12353682
12349266
12348138
12345276
12344778
12344688
12332462
12328988
12325112
12305546
12305342
12291230
12291146
12291122
12284012
12283844
12282638
12282320
12282212
12279662
12279314
12279146
12278618
12271922
12271802
12271646
12266750
12265562
12261830
12260672
12241724
12235604
12235406
12234938
12231320
12231302
12231284
12229172
12227216
12224588
12223628
12219446
12219374
12215312
12211484
12209018
12202906
12202885
12200806
12195703
12193575
12183747
12181654
12181528
12180331
12179463
12171637
12171609
12171567
12162460
12161144
12161116
12161095
12156482
12153388
12145499
12127313
12121314
12121279
12115567
12112277
12098271
12098187
12096486
12094029
12093896
12093861
12086146
12084767
12073147
12067176
12066469
12064026
12060309
12059882
12054324
12054030
12049179
12049081
12049053
12048731
12035221
12034976
12029187
12029089
12019443
12019422
12016559
12016496
12016398
12015838
12009286
12009202
12009188
12009160
12009118
12008894
11994824
11993123
11983582
11983491
11983470
11983428
11980102
11972066
11969462
11969014
11968846
11968776
11968748
11968678
11968657
11968587
11948553
11948056
11945732
11943954
11935169
11935078
11916248
11916227
11916213
11909052
11902899
11899084
11898790
11898713
11898650
11892749
11889382
11723426
11723321
11718694
11718666
11718645
11716650
11705163
11696070
11695993
11695720
11673614
11672438
11650948
11648435
11648309
11647315
11633756
11633665
11633637
11615997
11596677
11591735
11591721
11589922
11579338
11579324
11574767
11548384
11548195
11515745
11443365
11410521
11364832
11161349
11135842
11053473
11047467
11014021
10991305
10973896
10973236
10961104
10938358
10934644
10892769
10847037
10811535
10581050
10572674
10554800
10490986
10435668
10213104
10109567
10088057
10066944
9996954
9943218
9937680
9743453
9673543
9474818
9214766
9183966
9111511
9069201
8978754
8961514
8953417
8880833
8826723
8387908
7820249
7707670
7451868
7350808
6512384
6399334
6311994
6299459
6214924
6110897
6109297
5968776
5430710
5407522
5011460
4790436
3026612
2396443
2307326
1269383
1268123
1262081
1254431
1239365
1226189
1218251
695854
631788
624218
601570
13728075
13728047
13728026
13728019
13728012
13723252
13723231
13723224
13723175
13723168
13723028
13722993
13721474
13721467
13721460
13721453
13721439
13721432
13721425
13721418
13721138
13721096
13721082
13717849
13717828
13717814
13717786
13717730
13716148
13716141
13716120
13714265
13714251
13714237
13714230
13714195
13714167
13714055
13710219
13710212
13710205
13710156
13707153
13703961
13703940
13703926
13701560
13700083
13700013
13699971
13699964
13695035
13689813
13688602
13679418
13679404
13664467
13655878
13648808
13546377
13410052
13353520
13330252
13318996
13189890
13189855
13187853
13182771
13182764
13182736
13182729
13181532
13180258
13179999
13178396
13177241
13177234
13175197
13173573
13166258
13160371
13160280
13160266
13154015
13153994
13153651
13153063
13149815
13147344
13138461
13129368
13129361
13109418
13107514
13102656
13102642
13093528
13093472
13089111
13085191
13071219
13061118
13061111
13061027
13061020
13056603
13054286
13054279
13052179
13050107
13050030
13049617
13049288
13043205
13037619
13035001
13030990
13030969
13030906
13030899
13028365
13021113
13010739
12989088
12984902
12982634
12981402
12981248
12978399
12978378
12972225
12966030
12965939
12953675
12949986
12946045
12924310
12922945
12921930
12902442
12900482
12900349
12892383
12892278
12889625
12887875
12883703
12883668
12883647
12877396
12873259
12871306
12869185
12867323
12863123
12852728
12852315
12850803
12850061
12849340
12844923
12841605
12840919
12839449
12836978
12833590
12824420
12824154
12823265
12821361
12818260
12813367
12811519
12807291
12807095
12804575
12804491
12803252
12796819
12796756
12795391
12791786
12790057
12781209
12775350
12771850
12771738
12771556
12770030
12755078
12754847
12750913
12750409
12742086
12735828
12735534
12731012
12727170
12726275
12713182
12710592
12709283
12709271
12705323
12702047
12700913
12695262
12692672
12692441
12685924
12667717
12661494
12656083
12650182
12612627
12611794
12567539
12565709
12563138
12563066
12554264
12552007
12551839
12551489
12548731
12547947
12542655
12542606
12532967
12529005
12525932
12525904
12524385
12517980
12517238
12515012
12494516
12490904
12490827
12488531
12480161
12477101
12465276
12464322
12459318
12451224
12447276
12445842
12445824
12439452
12439446
12422766
12406884
12398478
12396012
12391596
12380328
12377106
12372930
12361998
12360168
12357060
12329912
12290906
12279974
12260720
12260462
12246938
12245018
12191041
12181584
12172687
12107651
12093952
12093742
12093721
12086230
12019506
12019303
11993228
11992745
11983379
11977120
11971646
11968664
11968629
11968510
11968503
11968475
11952018
11951087
11928218
11889984
11723286
11674363
11648407
11648365
11633924
11610551
11589887
11563714
11561250
11546221
13712004
13696940
13662829
13628522
13606983
13605128
13586725
13577373
13552103
13525937
13512217
13508367
13500044
13433887
13414427
13405439
13391677
13372252
13367268
13338596
13301757
13280827
13275171
13260387
13257601
13200614
13190065
13178039
13076826
12905907
12902505
12807508
12664322
12651953
12530566
12473057
12428316
12403608
12358056
12029166
11989378
11969525
11969000
11926489
11920469
8492764
6118287
13641388
13534596
13533070
13521310
13405383
13334396
13074334
13021078
12978371
12871166
12869178
12860470
12771808
12525708
13338631
13318170
13614004
13532552
13512000
13426516
13403157
13360142
13349586
13322412
13318044
13312608
13284670
13149976
13122725
12953486
12895120
12886790
12730991
12724410
13653183
12954193
12429480
13727998
13721341
13721264
13721194
13703646
13696688
13670146
13667260
13665237
13662661
13650383
13648654
13643026
13639176
13637069
13633268
13627416
13625302
13625295
13609013
13604995
13604988
13592717
13586571
13581496
13561840
13561833
13551886
13548113
13546083
13545180
13539965
13539937
13538201
13523774
13521212
13515787
13495305
13483916
13481459
13480108
13468761
13464652
13464645
13462692
13448783
13431206
13429106
13426509
13426278
13411382
13411375
13396542
13384341
13381443
13376900
13360149
13360121
13360114
13349593
13346506
13346485
13343335
13341067
13329377
13320193
13318023
13317372
13312584
13307126
13304403
13290494
13284712
13284705
13284698
13284684
13272693
13265721
13252729
13252722
13244091
13242299
13237714
13211618
13205787
13192942
13188042
13177913
13175225
13175218
13175211
13173769
13058640
13056792
13049561
13021022
12956097
12949916
12924254
12921909
12911829
12814466
12797890
12784275
12780649
12756989
12741925
12727272
12702305
12664623
12539029
12517042
12514837
12373254
12340758
12339390
12241682
12137008
12120943
12072755
12008964
12002902
11999108
11916241
11723076
10508480
9029833
1223897
598975
592200
13662836
13609118
13605226
13581622
13444324
13357048
13312758
13301799
13285048
13253296
13093542
13070358
13058612
13054328
13010732
12418110
6526709
13724862
13699985
13674245
13641360
13635228
13564472
13559992
13552033
13552019
13540126
13534456
13534449
13530487
13530480
13530473
13528611
13525888
13521303
13519980
13515885
13513442
13495263
13481522
13468803
13462762
13451863
13446725
13439172
13429183
13428903
13426369
13426362
13417920
13405390
13403255
13403248
13403241
13389689
13387218
13376935
13374548
13372182
13362998
13360352
13356964
13356950
13354612
13349733
13349726
13338540
13337539
13334389
13331694
13329468
13326521
13320228
13312662
13300525
13284887
13280708
13272812
13272798
13269795
13260359
13257545
13239674
13239667
13231295
13219962
13219948
13181644
13181553
13177948
13177262
13160315
13160287
13129375
13113093
13113058
13099450
13079626
13030983
12972204
12965960
12953689
12916232
12905067
12886832
12877459
12867267
12834234
12825981
12814515
12810651
12796924
12795328
12760188
12705443
12694142
12653731
12612543
12484613
12467034
12454056
12445986
12437628
12352848
12305474
12291290
12244250
12232478
12108134
12097921
12086020
12073196
11977183
11977162
11971016
11673082
11648386
11553662
11548153
11190743
10024542
9686633
13720823
13635235
13605079
13574069
13561931
13561917
13559999
13512126
13498350
13476356
13448867
13441783
13441755
13400413
13384460
13379336
13379322
13356978
13349705
13341144
13304473
13298761
13292958
13292951
13292944
13237763
13219955
13211702
13181595
13177955
12992091
12920040
12879391
12833415
12710466
12565777
12563099
12517147
12486690
12096864
12019324
11920371
11110815
10949284
2953784
13724876
13717737
13683163
13662766
13659441
13657572
13655514
13637097
13635221
13633331
13628466
13574062
13515892
13500016
13462776
13451856
13441769
13426341
13400399
13384453
13376956
13360387
13354661
13334382
13326507
13309632
13307245
13307238
13298768
13263033
13260352
13200565
13166286
13166279
13153028
13107549
13049960
12892726
12873231
12870102
12714554
12706727
12660710
12568765
12518778
12455184
12435420
12353688
12193624
12054226
12016531
12009090
11970393
11968671
11916038
11528398
604115
13153686
12723150
12677300
13699957
13659434
13657565
13641353
13637111
13498343
13411515
13408876
13341130
13211695
13189883
13177290
13173923
13132203
13093465
13074264
13070302
12731019
12653612
12361578
12360426
11992682
10868817
545452
13670080
13642998
13641213
13551809
13530347
13438969
13400133
13384215
13376851
13371986
13343328
13325632
13320158
13301603
13284565
13272560
13272546
13200453
12865069
12827297
12770002
12385416
12361620
12261908
12244190
12072727
12059714
13727991
13726941
13724827
13721355
13721278
13716043
13710086
13710079
13710002
13709918
13705235
13703639
13701175
13701168
13699866
13697059
13696982
13692669
13692655
13692641
13692634
13679467
13662668
13662654
13657495
13655437
13653820
13653813
13650376
13648647
13646771
13644853
13641276
13634248
13633275
13630818
13610763
13610756
13609020
13586585
13586578
13585367
13583778
13581489
13579620
13573943
13566971
13564346
13561826
13556345
13556324
13544536
13539951
13539748
13536276
13528534
13521177
13518167
13512007
13511986
13483930
13483923
13483909
13481452
13480101
13470511
13470504
13466899
13459857
13459850
13441671
13435910
13435903
13433782
13433775
13433768
13428805
13411487
13411396
13408722
13403164
13393434
13389612
13387064
13384348
13374408
13360156
13360128
13338435
13338428
13337490
13334340
13318030
13318016
13317386
13317379
13317358
13317351
13312596
13304410
13292923
13290487
13284691
13266295
13265707
13260268
13257440
13252715
13246695
13246688
13239604
13233619
13219857
13211625
13179964
13177920
13177899
13177892
13175204
13163465
13149983
13138489
13113562
13109740
13103825
13102551
13079535
13077659
13076833
13061048
13058654
12982046
12982011
12981962
12956090
12951393
12905515
12905487
12900426
12883633
12869115
12864831
12863172
12847772
12847765
12847758
12844860
12840877
12823279
12803140
12803119
12796658
12778983
12771689
12771647
12757997
12754651
12738180
12692567
12667619
12554148
12552668
12535606
12520990
12481421
12455064
12452364
12439572
12439566
12394710
12387876
12357048
12305450
12260360
12216218
12202864
12157231
12149125
12127264
12120915
12112186
12093847
12072776
12028683
11715509
10453802
10298790
9962622
9559128
9430403
8832213
8812223
8629764
7881719
7465028
6130242
5866189
13714160
13665293
13630951
13577289
13554336
13551991
13544564
13542541
13534610
13459885
13454103
13444247
13400392
13400378
13397347
13381478
13360310
13352064
13346604
13326486
13317456
13253030
13083063
12909694
12804407
12686183
12677545
12660605
12612459
12207200
11909101
8422972
8113134
13726577
13726570
13726367
13726353
13726332
13724946
13724939
13724932
13724925
13724813
13724799
13722895
13716106
13711892
13710170
13709946
13709904
13709897
13708189
13707195
13707188
13707146
13707104
13703765
13703716
13703709
13701308
13700230
13699600
13697654
13697647
13697045
13696709
13696583
13693754
13692557
13688455
13688364
13688056
13688021
13683142
13683114
13681427
13676219
13676170
13674322
13674280
13674252
13674147
13671998
13671963
13670368
13670302
13670290
13670164
13667323
13667155
13665321
13665258
13662843
13662794
13659392
13659385
13657586
13657453
13655584
13655570
13655451
13653834
13653127
13650446
13650397
13648766
13648759
13648752
13648619
13646904
13646743
13645014
13643096
13641591
13641577
13641444
13641402
13639281
13635144
13633338
13633282
13628529
13628494
13628326
13627486
13625484
13625477
13623216
13623181
13623174
13623076
13620640
13620633
13620591
13620556
13618085
13618078
13617987
13617980
13615439
13615362
13615355
13614088
13614081
13614046
13612604
13612527
13610924
13610903
13610896
13610875
13610770
13609125
13609097
13609062
13609055
13605233
13605093
13605023
13605016
13605009
13603714
13603700
13592850
13592745
13592661
13590848
13590841
13590792
13588706
13586788
13586781
13586774
13586501
13586494
13583708
13583701
13577457
13577450
13577345
13577324
13577317
13577310
13577226
13577177
13574125
13574111
13574090
13571150
13571143
13571129
13568854
13568847
13568784
13568651
13568644
13567202
13564612
13564500
13564269
13561938
13560069
13560020
13560013
13560006
13559789
13556506
13556499
13556261
13554161
13554154
13554147
13552222
13552215
13552208
13552138
13547987
13546251
13546174
13542457
13540231
13540224
13540154
13540140
13539986
13538411
13538341
13533854
13532888
13532251
13532244
13532118
13530620
13530557
13530550
13528639
13526273
13526049
13525895
13523935
13523802
13523711
13523704
13521338
13521226
13521100
13521093
13519910
13518188
13518041
13513624
13513617
13513610
13513540
13513470
13513281
13512140
13512133
13508640
13508353
13505406
13505378
13505357
13505245
13502648
13502599
13500051
13499953
13498476
13498469
13498406
13498385
13498119
13495235
13495165
13484721
13484021
13481424
13480038
13476454
13473773
13473752
13473388
13470686
13470679
13470672
13470665
13470616
13470490
13467067
13467060
13462832
13459955
13459815
13458086
13458079
13458037
13454271
13454264
13454257
13451968
13451870
13449021
13449000
13448888
13446732
13446501
13441811
13439228
13439046
13438934
13438927
13438899
13438829
13436953
13436050
13436043
13436001
13435924
13434013
13434006
13433999
13433901
13433845
13433838
13433796
13431360
13431290
13429218
13429204
13429127
13429050
13429043
13428994
13428987
13428945
13428931
13428917
13428784
13426397
13426390
13426383
13426250
13426166
13421329
13421238
13414763
13414574
13411634
13411585
13411522
13411403
13409002
13408995
13408988
13408981
13408743
13405488
13405278
13403311
13403269
13403108
13400644
13400637
13400623
13400511
13400504
13400154
13397417
13397298
13396633
13396556
13396500
13396493
13396465
13393609
13393567
13391586
13391579
13389745
13389717
13389647
13387330
13387288
13384537
13384229
13381408
13379413
13379350
13379343
13376872
13376865
13376858
13374702
13374695
13374688
13374681
13374569
13372266
13372210
13372000
13369270
13367450
13367282
13365112
13365056
13364993
13363068
13360576
13360562
13360492
13360408
13359995
13357104
13354710
13354703
13354668
13349740
13349516
13346709
13346702
13346674
13346667
13346660
13346541
13346450
13346443
13341326
13341319
13341228
13341158
13341151
13341053
13338666
13338547
13337609
13337602
13337567
13334438
13334431
13331624
13331589
13329517
13329489
13326654
13326640
13326388
13325730
13322426
13320242
13320165
13318191
13318114
13318107
13318100
13317575
13317498
13317316
13312776
13312518
13307280
13307077
13301820
13301813
13298957
13298635
13295499
13295492
13292993
13292979
13292909
13292853
13290550
13290543
13290452
13290438
13290389
13284740
13280806
13280736
13280610
13277978
13277915
13275234
13272917
13272833
13265805
13263117
13262921
13257727
13257713
13257636
13257468
13253317
13253310
13253121
13253107
13253100
13253086
13252645
13252638
13249803
13249768
13248242
13246856
13246793
13246779
13243762
13242082
13241963
13239779
13239681
13239555
13239548
13234242
13233815
13233766
13231323
13231232
13228432
13228236
13228229
13219969
13211723
13211716
13211709
13211632
13205822
13205752
13196484
13192893
13192886
13192879
13192872
13192865
13177416
13173986
13173958
13173727
13172866
13166412
13149318
13139938
13132259
13132161
13129389
13129312
13107612
13107493
13102670
13102607
13100122
13093500
13079689
13079409
13070211
13065493
13065479
13061125
13055357
13052235
13052200
13038907
13037626
13025733
13021582
13017207
13011509
13010725
13010697
12985987
12982844
12982669
12972155
12972148
12959051
12953465
12951365
12951099
12924492
12922973
12922056
12920418
12900433
12900356
12883759
12878971
12873245
12873049
12857313
12854758
12852469
12850796
12847751
12844972
12842172
12840968
12838441
12835074
12834311
12833597
12830482
12827570
12824644
12823209
12823146
12821459
12820094
12813192
12807137
12807109
12802965
12802951
12784912
12777366
12776960
12758130
12754539
12752649
12750955
12737543
12732181
12729346
12718572
12716941
12699515
12699105
12685945
12685840
12682578
12677699
12677363
12664371
12660759
12656034
12563976
12563924
12561934
12560670
12560014
12559096
12556390
12555683
12555541
12555074
12553180
12552592
12532575
12529061
12524175
12519758
12519695
12517217
12494523
12490897
12484223
12473069
12473045
12465126
12460212
12459582
12459474
12456516
12453330
12446196
12442722
12441300
12408522
12406896
12402408
12396018
12387924
12387864
12385638
12385536
12371244
12370302
12369270
12362106
12360702
12357078
12354744
12354120
12353784
12353694
12353652
12348096
12335636
12329972
12326000
12305582
12301484
12282332
12279338
12265592
12262616
12260708
12260630
12259016
12259004
12245042
12244988
12227228
12205048
12204866
12200449
12192161
12191342
12189998
12179736
12179526
12178812
12173471
12173422
12173366
12172841
12165799
12155257
12155250
12153430
12138968
12133627
12127355
12122154
12121524
12121384
12120733
12112578
12107581
12107574
12103101
12102947
12093917
12079720
12073273
12063578
12054415
12049466
12049221
12019142
12017763
12016741
12016671
12009552
12009524
12009475
12009461
11984030
11983190
11969357
11969350
11969329
11968860
11953733
11946397
11944269
11940552
11940083
11935120
11934854
11920581
11920378
11916339
11916318
11723706
11715446
11709741
11634141
11633707
11620274
11609914
11595970
11588886
11574641
11574599
11574431
11553956
11477813
11443603
11422407
11299038
11024641
10913992
10881429
10814961
10812681
10750694
10741598
10582430
10486414
10434126
10358670
10195487
9882755
9849450
9469218
9385343
9096901
9093486
9089066
9087891
9078991
8730672
8703184
8410132
7494865
6208939
6088723
5812359
5574034
5489068
5472437
2954631
2809554
2173132
1304548
1266341
1261343
1238795
1226675
669474
654598
631983
625758
618968
592170
13728040
13728005
13723210
13723189
13723112
13723021
13721488
13721411
13721404
13721397
13721362
13721012
13720816
13717870
13717779
13717751
13716113
13712018
13710184
13710163
13703891
13700097
13700090
13700027
13700020
13700006
13695049
13679411
13452472
13190135
13190030
13189897
13177297
13175141
13173944
13173811
13173587
13166307
13163395
13160574
13160560
13160329
13154050
13153105
13153098
13113114
13106716
13093535
13089307
13089181
13085219
13079640
13070659
13062301
13056638
13055280
13055140
13054342
13050121
13049491
13043268
13025852
13025726
13024466
13021610
13021204
13010753
13010746
12992168
12989137
12981857
12959107
12959023
12956069
12954228
12922063
12909750
12909631
12895043
12892355
12888043
12887882
12881414
12875856
12870690
12869192
12860477
12838483
12834087
12834066
12800403
12796602
12792087
12792024
12785388
12756590
12754868
12750437
12745110
12743073
12730970
12710256
12700949
12694184
12692259
12686260
12686085
12682522
12672470
12664112
12650392
12570221
12567555
12539442
12534969
12532533
12519786
12517399
12481577
12474425
12473087
12454020
12452058
12452052
12445854
12445782
12445776
12435462
12429726
12428412
12404910
12361638
12345114
12289880
12282008
12271490
12266786
12189886
12161774
12127257
12108176
12107672
12063634
12049249
12019289
12019268
12019233
12007452
12002846
11983603
11983323
11974957
11955315
11940769
11940720
11935246
11920539
11909164
11901604
11901583
11896396
11723727
11673250
11610838
11605777
11574690
11574662
11574550
11559675
11559633
11547460
11443106
13655598
13635284
13630993
13592885
13381527
13337595
13174028
13114052
13030997
12965981
12965974
12718502
12702065
12660773
12565662
12525862
12524245
12403626
12219434
11002759
13653316
13263040
13182715
13065486
12710480
12689438
12552914
11574529
8779074
13670188
13518181
13435917
13343342
13265735
13233626
13204835
13074215
12385524
12049270
12003056
11983197
11633994
11616242
11610600
11365707
7558715
13421147
13397333
13228243
13138496
13679474
13670182
13662689
13653827
13653190
13639183
13617917
13610777
13592731
13590708
13579627
13577233
13574874
13567006
13564360
13561847
13556366
13546097
13542590
13539979
13528541
13525818
13525811
13525804
13502501
13502494
13499960
13495158
13470525
13470518
13439053
13420251
13414623
13400252
13396577
13396570
13396563
13393441
13387085
13374450
13372063
13360177
13352022
13352015
13346527
13341088
13341081
13338442
13317400
13302268
13284733
13265728
13257447
13252946
13249656
13231225
13219871
13189778
13173783
13157529
13125896
13116026
13098946
13056708
13034980
13021015
12981276
12972253
12965911
12951435
12903667
12900265
12895022
12887798
12854919
12824287
12804330
12803147
12790197
12666611
12660451
12554371
12530272
12464850
12459210
12439626
12367686
12307166
12143063
12114300
12077928
12003161
11968909
11934889
11889564
11635114
11553935
10997569
9835140
9490553
9008591
6076018
5426090
4960298
1227929
704304
546542
13648801
13618071
13615614
13513631
13512315
12862500
13705291
13699999
13670314
13657593
13655521
13641395
13639232
13630965
13605100
13577338
13552054
13552047
13552040
13458044
13456301
13426376
13421231
13405397
13384495
13363047
13360415
13341165
13337560
13309653
13284922
13257573
13239688
13025775
12992098
12981367
12972162
12875730
12810028
12408462
9132356
7900369
6107492
13723126
13635249
13603707
13568728
13564507
13561952
13484028
13411536
13408890
13403283
13249726
13182708
13093514
13079367
13010676
12782553
12661487
12215486
11627778
1264163
1257299
13637132
13637125
13635242
13585416
13577331
13574118
13512147
13431283
13429211
13408897
13360422
13337546
13322503
13301736
13284915
13181623
13132210
12890948
12839323
12795356
12732195
12425886
10930198
9692843
3969217
13341235
13384488
13228439
13190009
13173601
12757073
12392016
11610467
11588823
11218541
13699810
13667148
13657446
13444100
13441587
13400742
13329314
13301617
13272574
13246646
13149255
13107423
12611822
12261920
11722873
11559703
9125886
13726934
13726927
13726920
13717856
13710016
13707027
13705263
13703667
13697010
13665265
13662787
13612443
13610784
13571038
13564367
13561854
13559950
13539972
13525825
13523795
13464680
13462706
13429120
13426530
13408736
13400245
13396584
13389633
13387078
13384362
13379280
13372070
13367135
13360170
13354549
13346534
13346513
13329391
13317393
13309597
13307140
13290508
13275052
13272700
13257461
13252757
13252750
13252603
13249663
13246702
13243804
13233738
13219864
13192963
13166188
13125903
13116012
13112974
13106688
13103937
13102565
13102558
13098960
13056694
13034987
12973317
12922812
12915882
12887791
12886797
12881358
12869136
12869122
12844342
12839260
12813423
12770016
12754721
12754714
12727074
12718418
12714358
12713140
12705341
12704363
12682347
12655957
12655880
12560693
12554302
12525540
12523986
12396336
12370272
12352206
12305780
12305564
12291254
12279278
12161445
12127299
12122203
12112214
12103010
12066833
12003091
11985276
11969490
11968916
11896032
11896018
11715614
11574578
11096301
9639733
7683835
4970034
3031127
3026927
1947029
1234127
709659
13536283
13482824
13367226
13367219
13317505
13265798
13257566
13093507
13083070
13055322
13055315
12869962
12305102
11908807
11673243
9871655
13726500
13724953
13724820
13707132
13699005
13688406
13687853
13681483
13681476
13676233
13676226
13674259
13667162
13659399
13659343
13659000
13653141
13648696
13639246
13637139
13627472
13625407
13625365
13623160
13615383
13612534
13606948
13605107
13583890
13583883
13583715
13579599
13568658
13562015
13560027
13540161
13532223
13518055
13513638
13513547
13512231
13505385
13495312
13484728
13470623
13470581
13454278
13448930
13448741
13438836
13435861
13433733
13428798
13426432
13421259
13411550
13408904
13405257
13403360
13403115
13400651
13397431
13387344
13387337
13387253
13384502
13374583
13374576
13374359
13372343
13372224
13372217
13367352
13367240
13365077
13365070
13360583
13356999
13349803
13346800
13343447
13343398
13338561
13338554
13337644
13325744
13320249
13318198
13317582
13312794
13312710
13307091
13307084
13301827
13298642
13295555
13280617
13260422
13257734
13253324
13253128
13252666
13241984
13239786
13237791
13211730
13178011
13177458
13160588
13132168
13129333
13083098
13070190
13058626
13055294
13054209
13010767
12972281
12922742
12900678
12892285
12863193
12857327
12811526
12776995
12758046
12717214
12490771
12472997
12447258
12414552
12365994
12355116
12245048
12244994
12221132
12194898
12161655
12127362
12107504
12093840
12085299
12034836
12031483
11992710
11935148
11927504
11561628
11559409
11554089
10508576
10086557
9698414
9468863
9430108
8748972
6453789
5304818
1678025
1252805
1225475
13721495
13720970
13716127
13710198
13710191
13499729
13174049
13173671
13156241
13151831
13102684
13079703
13070316
13055399
12979400
12953444
12875751
12872552
12821102
12813199
12797008
12785626
12741981
12737452
12710270
12677818
12657315
12649552
12563103
12539358
12445788
12425784
12403806
12195752
12034892
11970155
11723818
11674503
11505366
13662913
13470693
12525610
10893225
13681448
13671459
13577240
13551893
13481473
13360198
13272728
13272721
13231190
13151873
12956104
12887805
12548171
12519709
12442584
12435396
12306056
12093875
11896060
11599141
11559493
11043981
5640655
2440347
13544655
13346716
13263124
12779046
11924179
13495249
13233570
13635256
13512161
13411543
13408911
13400434
13326535
13307259
13231337
9257748
5729812
12420486
13726913
13726430
13720690
13709932
13679481
13523942
13521345
13502508
13428826
13405285
13374457
13360191
13312686
13242026
13204478
13151894
13118847
12694492
12651673
12387888
12290846
9631033
13721369
13357006
13325737
13280715
12834927
13648640
13631000
13511916
13467074
13439235
13405495
13360597
13325660
13272581
13265742
13246723
13239569
12750871
12161662
12067134
9021526
2285143
13717772
13716134
13700034
13007547
13653197
13571059
13414637
13411410
13317407
13246716
12484241
13662920
1253429
13389752
13726374
13725429
13724960
13703723
13701287
13701224
13699705
13699614
13699607
13699551
13696835
13690205
13688210
13683093
13665167
13606885
13523984
13523809
13523648
13521366
13521233
13519931
13466990
13466815
13436008
13429141
13429134
13420230
13400294
13374464
13204646
13133547
13049589
12708857
12707933
12707885
12685630
12661438
12568590
12555555
12228044
12183173
12131184
12131177
12047842
12002923
11993403
11901324
11674762
11545276
11307120
10016730
5375259
2398977
719959
13727977
13724659
13724631
13724624
13722951
13722937
13722916
13721047
13721033
13716085
13714076
13712025
13700041
13699908
13695084
13674413
13674406
13674392
13153721
13152461
13151929
13149598
12895232
12707975
12707963
12707945
12694156
12694065
12097998
11597426
11501922
13149549
13709960
13431157
11648603
5588927
13521128
13521121
13521114
13429078
13149479
13034413
12561689
12223880
12204096
12026170
11908968
13428833
13665160
13662710
13657404
13643131
13642991
13641465
13635291
13630839
13628375
13625309
13623188
13623118
13620598
13620493
13620430
13612471
13606997
13605142
13605135
13604904
13592640
13588664
13586746
13586613
13583918
13583911
13577387
13574216
13571066
13568665
13567132
13567055
13566915
13564388
13564381
13552145
13551921
13551914
13548078
13546244
13546055
13544599
13542520
13540007
13538348
13538243
13538229
13538096
13536451
13534421
13533896
13533847
13528779
13528646
13528562
13528485
13525958
13523991
13523823
13523816
13515710
13513554
13513344
13513239
13512238
13511832
13511825
13505301
13498231
13495123
13495116
13470532
13469629
13468831
13466913
13466017
13465996
13453858
13451877
13448720
13441545
13441538
13441531
13429148
13429064
13428840
13424675
13423345
13414721
13414714
13414651
13408918
13408757
13408750
13403178
13393385
13389710
13386861
13384194
13384187
13376998
13369249
13369214
13367289
13367142
13365091
13365021
13362984
13362921
13359890
13357027
13352092
13351931
13349614
13349446
13346555
13346387
13346380
13341102
13341095
13341032
13341018
13338449
13338267
13331631
13329405
13326346
13317281
13312722
13307161
13298481
13295422
13284761
13284754
13284628
13284516
13265833
13265756
13265749
13263096
13263089
13257482
13257307
13250433
13231127
13219787
13204632
13173839
13157669
13082937
13071184
13065416
13049582
13034994
13011439
12979008
12951337
12921972
12905032
12844363
12807298
12795377
12771003
12752677
12742996
12710347
12656139
12552701
12427938
12344718
12235514
12200274
12178560
9450313
8313992
7279754
6041307
1257401
1065377
13512910
13178060
13154491
13110363
13098967
13049295
13038956
13011467
12981304
12978413
12959065
12905039
12903695
12902421
12900412
12899950
12877046
12863424
12862374
12851629
12824119
12824084
12811477
12773705
12770968
12754763
12735569
12721022
12719895
12709913
12570095
12567615
12562931
12542564
12455082
12325136
13633359
13280624
13594152
13534743
13468712
13446396
13444107
13431164
13424703
13362949
13360037
13329342
13284621
13265672
13257370
13250440
13163409
13086598
12790106
12749121
12376476
12178434
13605149
13444310
1320736
565230
13542485
13518195
13657502
13262977
13479982
13367037
13662619
13628340
13610728
13604960
13603623
13594159
13573859
13564297
13542464
13542366
13518062
13505252
13448790
13360023
13356873
13329398
13329335
13329209
13317323
13312530
13257377
13161771
13140043
13096594
12905396
12804281
12759964
12521774
12481307
12223886
12153045
13643446
13625316
13612457
13564374
13561861
13512014
13446424
13420258
13387099
13284747
13228334
12827423
12807319
12481277
13431367
13426082
12652219
12481361
12373050
12332570
12324530
12195073
12187107
9121191
7868899
5178426
1266497
12889548
12570109
12414252
12394566
11970953
12744977
13265826
13098897
13055301
12394620
12376656
12344682
12332714
12307214
12211454
675819
13089083
12374190
12219380
12448218
13089209
12563016
12324506
6289544
9509558
8073139
6378364
1247843
12219392
12954137
12954130
10271496
12902939
12854800
12479801
12449130
12447378
12061156
12017875
11517077
9530623
7334173
648898
12348144
13536395
13468985
12830468
12662061
12391770
12354150
12334004
12071971
12004484
11554320
13409233
8740256
11310228
12709836
13309709
11938515
11325787
13696926
12325592
12294128
12108435
11459255
13696954
12917401
12707825
12439608
12218426
13353359
12023363
13434097
